%YAML:1.0

#common parameters
#support: 1 imu 1 cam; 1 imu 2 cam: 2 cam; 
imu: 1         
num_of_cam: 2  

# imu_topic: "/imu_ns/imu/imu_drop"
# imu_topic: "/imu_ns/imu/imu"
imu_topic: "/imu_ns/imu/imu_filter"
image0_topic: "/camera_ns/stereo/left/image_raw"
image1_topic: "/camera_ns/stereo/right/image_raw"
output_path: "/home/vins_fusion_new_ws/src/VINS-Fusion/config/output/"

cam0_calib: "cam_left_1013.yaml"
cam1_calib: "cam_right_1013.yaml"
image_width: 752
image_height: 480
   

# Extrinsic parameter between IMU and Camera.
estimate_extrinsic: 0   # 0  Have an accurate extrinsic parameters. We will trust the following imu^R_cam, imu^T_cam, don't change it.
                        # 1  Have an initial guess about extrinsic parameters. We will optimize around your initial guess.

body_T_cam0: !!opencv-matrix
   rows: 4
   cols: 4
   dt: d
   data: [ 0.01766076,  0.01520007,  0.99972849,  0.04664157,
           -0.99984387, -0.00030724,  0.01766747,  0.10528878,
           0.0005757,  -0.99988443,  0.01519227,  0.02184917,
           0, 0, 0, 1 ]
#    data: [ 0.00313422,  0.01374308,  0.99990065,  0.03518542,
#            -0.99971866,  0.02355238,  0.00280994,  0.12337551,
#            -0.02351142, -0.99962814,  0.01381303, -0.05746056,
#            0, 0, 0, 1 ]

body_T_cam1: !!opencv-matrix
   rows: 4
   cols: 4
   dt: d
   data: [ -0.00209076,  0.00238258,  0.99999498,  0.04811744,
           -0.99999486, -0.0024356,  -0.00208496, -0.09650926,
           0.00243062, -0.9999942,   0.00238766,  0.02117819,
           0, 0, 0, 1 ]

#Multiple thread support
multiple_thread: 1

#feature traker paprameters
max_cnt: 100            # max feature number in feature tracking
min_dist: 20            # min distance between two features 
freq: 10                # frequence (Hz) of publish tracking result. At least 10Hz for good estimation. If set 0, the frequence will be same as raw image 
F_threshold: 1.0        # ransac threshold (pixel)
show_track: 1           # publish tracking image as topic
flow_back: 1            # perform forward and backward optical flow to improve feature tracking accuracy

#optimization parameters
max_solver_time: 0.04  # max solver itration time (ms), to guarantee real time
max_num_iterations: 8   # max solver itrations, to guarantee real time
keyframe_parallax: 10.0 # keyframe selection threshold (pixel)

#imu parameters       The more accurate parameters you provide, the better performance
acc_n: 0.27 #0.0003 #0.27 #0.15 #0.20 #0.27 #0.2 #0.1          # accelerometer measurement noise standard deviation. 
gyr_n: 0.20 #0.0003 #0.20 #0.04 #0.10 #0.20 #0.05 #0.01         # gyroscope measurement noise standard deviation.     
acc_w: 0.00046 #0.1 #0.00046 #0.0013 #0.002 #0.001        # accelerometer bias random work noise standard deviation.  
gyr_w: 0.00038 #0.0003 #0.00038 #0.00012 #0.0004 #0.0001       # gyroscope bias random work noise standard deviation.     
g_norm: 9.81007     # gravity magnitude

# acc_n: 0.0003 #0.27 #0.15 #0.20 #0.27 #0.2 #0.1          # accelerometer measurement noise standard deviation. 
# gyr_n: 0.0003 #0.20 #0.04 #0.10 #0.20 #0.05 #0.01         # gyroscope measurement noise standard deviation.     
# acc_w: 0.1 #0.00046 #0.0013 #0.002 #0.001        # accelerometer bias random work noise standard deviation.  
# gyr_w: 0.0003 #0.00038 #0.00012 #0.0004 #0.0001       # gyroscope bias random work noise standard deviation.     
# g_norm: 9.81007     # gravity magnitude

#unsynchronization parameters
estimate_td: 0                      # online estimate time offset between camera and imu
td: 0.0                             # initial value of time offset. unit: s. readed image clock + td = real image clock (IMU clock)

#loop closure parameters
load_previous_pose_graph: 0        # load and reuse previous pose graph; load from 'pose_graph_save_path'
pose_graph_save_path: "~/vins_fusion_new_ws/src/VINS-Fusion/config/output/pose_graph/" # save and load path
save_image: 0                   # save image in pose graph for visualization prupose; you can close this function by setting 0 

# mask: 1
# fisheye_mask: "/home/vins_ws/src/VINS-Mono/config/test.jpg"
